(u"'2016-11-23'", [[0.0, -0.7, 0.0, 0.0, 0.0, 0.0, 0.3875, 0.0, 0.0, 0.0, 0.0, -0.25625, -1.275, 0.0, 1.9508928571428572, 1.0750000000000002, 0.09999999999999998, 0.0, 0.15568181818181814, -0.0901515151515151, 0.0, 0.0, 0.0, 0.04999999999999999, 0.875, 0.0, 0.0, 1.7931818181818184, 0.0, 0.0, 0.0, -0.10535714285714282, 0.0, 0.1875, 0.0, 0.775, -1.9124999999999999, 0.0, 0.8375, 0.0, 0.0, 0.0, 0.0, 0.19999999999999996, 40.50592676767677, 86.201221001221], 0.01102614262849021])
(u"'2016-12-18'", [[0.0, 1.0875000000000001, 0.0, 0.0, 0.0, 0.0, 0.0, 0.0, 0.0, 0.0, 0.0, 0.0, 0.0, 0.0, 0.6221153846153845, 1.49375, 0.0, 0.0, 0.0, 0.0, 0.0, 0.0, 0.0, 0.0, 0.0, 0.0, 0.0, 0.0, 1.475, 0.0, 1.2931818181818184, 0.0, 0.0, 0.0, 0.0, 0.0, 0.0, 0.0, 0.0, 0.0, 0.0, 0.0, 0.0, 0.0, 0.0, 0.85], 0.00857142857142847])
(u"'2017-01-06'", [[0.0, 1.125, 0.0, 0.0, 0.525, 0.0, 0.0, 0.0, 0.0, 0.0, 0.0, 0.8833333333333334, 0.0, -0.17386363636363636, 2.196780303030303, 0.0625, -0.4, 0.0, 0.0, 4.323863636363636, 0.0, 0.0, 0.0, 0.0, 1.580681818181818, 0.0, 0.0, 0.0, 0.0, -0.5499999999999999, 0.375, -0.10625000000000001, 0.0, 0.1875, 0.0, 2.0883928571428574, 1.2166666666666666, 3.0, 0.4375, 0.0, 0.0, 1.6556818181818183, 0.0, 0.0, 44.423602092352084, 67.34713203463203], 0.06312197895934031])
(u"'2016-12-06'", [[0.0, -1.2291666666666665, 0.0, 0.6875, -2.456818181818182, 1.90625, 0.0, 0.0, 0.0, 0.0, 0.0, 6.592559523809523, 0.0, 0.0, -0.48749999999999993, 0.6749999999999998, 0.0, 0.0, 0.0, -0.8437499999999999, 0.0, 0.0, 0.0, 0.0, 0.4, 0.0, 0.0, 0.8056818181818183, 0.0, 0.07211538461538461, 0.0, 0.0, 0.0, 0.125, 0.0, 0.05, 0.125, 0.0, 0.0, 0.0, 0.0, 0.5, 0.0, -0.05833333333333335, 13.043600288600288, 25.475497835497833], 0.016896764887698337])
(u"'2016-12-12'", [[0.0, -0.0027777777777777957, 0.0, 0.0, -0.59375, 2.3375, 0.0, 0.0, 0.0, 0.0, 0.0, 0.0, 0.0, 0.0, -0.523611111111111, 0.1875, 0.0, 0.0, 0.0, -0.012499999999999997, 0.0, 0.0, 0.0, 0.0, 0.0625, 0.0, 0.0, 0.0, 0.0, 0.0, 0.0, 3.4624999999999995, 0.0, 0.1875, 0.0, 0.0, 5.506944444444445, 0.0, 0.0, 0.0, 0.0, 0.0, 0.0, 1.1541666666666666, 5.811897546897548, 58.57372655122654], -0.044954128440367024])
(u"'2016-11-25'", [[0.0, -0.3, 0.0, 0.0, -2.55, 0.0, 0.0, 0.0, 0.0, 0.0, 0.0, 0.0, 0.0, 0.0, 2.6666666666666665, 0.0, -0.86875, 0.0, 0.0, -0.09791666666666667, 0.0, 0.0, 0.0, 0.0, 0.0, 0.0, 0.0, 0.0, 0.0, 0.0, 0.0, 0.0, -0.1875, 0.1875, 0.0, 0.0, 0.0, 0.5, 0.0, 0.0, 0.0, 0.0, 0.0, 0.0, 7.007575757575758, 54.12063492063492], -0.0735779816513761])
(u"'2017-01-04'", [[0.0, 0.6930555555555555, 0.0, 0.0, 0.0, 0.1125, 0.0, 0.0, 0.0, 0.0, 0.0, 0.12500000000000003, 0.0, 0.0, 8.501515151515152, 1.8416666666666668, 0.0, 0.0, 0.0, 0.002083333333333659, 0.0, 0.0, 0.0, 3.5666666666666664, 1.2375, 0.0, 0.0, 0.7, 1.0, 0.0, 1.5250000000000001, 3.7970238095238087, 0.025000000000000022, 0.4556818181818182, 0.0, 0.0, 1.799431818181818, 0.0, 1.30625, -0.9125, 0.0, 0.0, 0.0, 0.0, 30.829130591630587, 132.31249777999778], -0.1770208683137442])
(u"'2016-10-06'", [[0.0, -0.9384920634920635, 0.0, -0.375, 0.26249999999999996, 0.84375, 0.0, 0.0, 0.0, 0.0, -0.5375, 0.7875, 0.44999999999999996, -2.7624999999999997, 1.21875, 0.0, 0.0, 1.5875, 0.1125, -0.4125000000000001, 0.0, 0.0, 0.0, 0.0, -0.0625, 0.0, 0.0, 0.7, 0.8971153846153845, 0.8928571428571428, -2.0958333333333337, 2.479166666666667, 0.0, -0.04583333333333317, 0.0, 1.5473484848484849, 0.05416666666666686, 2.5124999999999997, 0.0, 0.0, 0.0, -0.5, 0.0, 0.0, 34.044027777777785, 27.65422077922078], 0.08322147651006709])
(u"'2016-11-27'", [[0.0, 0.0, 0.0, 0.0, 0.0, 0.0, 0.0, 0.0, 0.0, 0.0, 0.0, 0.0, 0.0, 0.0, 0.0, 0.0, 0.0, 0.0, 0.0, 0.0, 0.0, 0.0, 0.0, 0.0, 0.0, 0.0, 0.0, 0.0, 0.0, 0.0, 0.0, 0.0, 0.0, 0.0, 0.0, 0.0, 0.0, 0.0, 0.0, 0.0, 0.0, 0.0, 0.0, 0.0, 2.264015151515151, 7.287202380952382], -0.0735779816513761])
(u"'2016-12-02'", [[0.0, 0.053472222222222365, 0.5666666666666665, 0.0, -1.4303030303030304, 0.0, 0.0, 0.0, 0.0, 0.0, 0.0, 0.0625, 0.0, 0.6541666666666667, 1.0666666666666667, -0.4375, -0.6875, 0.0, 0.0, 5.362500000000001, 0.0, 0.0, 0.0, 0.0, 0.0, 0.0, 0.0, -0.4125, 0.0, 0.18095238095238098, 0.375, -0.6, 0.6166666666666666, 3.75, 0.0, 2.726515151515151, 1.4750000000000003, 0.0, 0.0, 0.0, 0.0, 0.0, 0.0, -0.05833333333333335, 31.259305555555553, 61.26650252525253], -0.04672720393492241])
(u"'2016-12-26'", [[0.0, 0.0, 0.0, 0.0, 0.0, 0.55625, 0.0, 0.0, 0.0, 0.0, 0.0, 0.0, 0.0, 0.0, 0.0, 0.0, 0.0, 0.0, 0.0, 0.96875, 0.0, 0.0, 0.0, 0.0, 0.0, 0.0, 0.0, 0.0, 0.0, 0.0, 0.125, 0.0, 0.0, 0.1875, 0.0, 0.0, 0.0, 0.0, 0.0, 0.0, 0.0, 0.0, 0.0, 0.0, 1.8848484848484848, 0.22638888888888892], -0.03309962497961848])
(u"'2016-11-29'", [[0.0, 0.1154040404040404, 0.0, 0.0625, -0.48637820512820507, 0.0, 0.0, 0.0, 0.0, 0.0, 0.0, 0.4041666666666668, 0.0, 0.0, 2.7404761904761905, 0.41314935064935066, -0.4, -0.1875, 0.0, -0.5020833333333327, 0.0, 0.0, 0.0, -0.1333333333333333, 0.0, 0.0, 0.0, 0.0, -0.09999999999999998, 0.0, 0.0, 4.772115384615384, 0.0, 0.8916666666666668, 0.0, 0.5056818181818181, 4.0703282828282825, 0.0, 2.3499999999999996, 0.0, 0.0, 0.0, 0.0, 0.0, 19.18752705627706, 46.61627886002886], 0.021348314606741584])
(u"'2016-12-20'", [[0.0, 1.4625, 0.0, 0.0, 2.0363095238095243, 0.0, 0.3181818181818182, 0.0, 0.0, 0.0, 0.0, 0.3625, 4.3999999999999995, 2.7222222222222223, 3.3154761904761907, 0.783712121212121, 0.0, 0.0, 0.0, -0.575, 0.0, 0.0, 0.0, 1.2104166666666667, 0.0, 0.0, 0.25, 0.2723484848484849, -0.3, 0.0, 0.1098484848484848, -0.1875, 0.0, 0.1875, 0.0, 0.0, 1.05, 0.0, 0.0, 0.0, 0.0, 0.0, 2.1317307692307685, -0.05833333333333335, 20.434108946608948, 62.504186091686094], 0.012902246508804015])
(u"'2016-10-10'", [[0.0, 0.0, 0.0, 0.125, 0.0, 1.0125, -0.375, 1.20625, 0.0, 0.0, 0.0, 0.0, 0.0, -0.04999999999999999, 0.0, 0.5375, 0.04318181818181818, 0.0, 0.0, 3.4958333333333336, 0.0, 0.0, 0.0, 0.0, 4.082142857142857, 0.0, 0.0, 0.6208333333333332, 0.0, 0.0, 0.6499999999999999, 2.447115384615385, 0.32499999999999996, 0.1875, 1.8181818181818183, -0.15056818181818182, -0.8125, 0.0, 0.2571428571428571, 0.2875, 0.0, -2.0, 0.0, 0.7964285714285715, 41.62928210678211, 8.057528860028857], 0.038995508370763654])
(u"'2016-10-08'", [[0.0, 0.0, 0.0, 0.0, 0.0, 0.0, 0.0, 0.0, 0.0, 0.0, 0.0, 0.0, 0.0, 0.0, 0.0, 0.0, 0.0, 0.0, 0.0, 0.0, 0.0, 0.0, 0.0, 0.0, 0.0, 0.0, 0.0, 0.0, 0.0, 0.0, 0.0, 0.0, 0.0, 2.1625, 0.0, 0.5666666666666667, 0.0, 0.0, 0.0, 0.0, 0.0, 0.0, 0.0, 0.0, 0.0, 1.4541666666666666], 0.006149279050042542])
(u"'2016-10-14'", [[0.0, -0.47500000000000003, 0.0, 0.0, 0.0, 1.3375, 0.0, 0.0, 0.0, 0.0, 0.0, 0.0, 0.85, -0.5000000000000001, 0.299702380952381, 0.9095238095238096, 0.0, 0.0, -0.1875, -3.4202380952380946, 0.0, 0.0, 0.0, 0.0, 0.8293650793650794, 0.0, 0.0, 0.725, 0.0, 1.418181818181818, 1.3854166666666665, -1.075, 0.0, 0.1875, 0.0, 0.35, 1.7291666666666667, 0.9375, 0.0, 0.0, 1.0402777777777774, 0.0, 0.0, 0.0, 24.85789141414142, 63.13115800865799], -0.029637526652452038])
(u"'2016-12-28'", [[0.0, -0.44999999999999996, 0.0, 0.4, 0.07500000000000001, 0.0, 0.7041666666666665, 0.0, 0.0, 0.0, 0.0, 0.0, -0.3958333333333333, 0.0, 0.47797619047619044, 0.3374999999999999, 0.0, 0.0, 0.0, 0.07500000000000001, 0.0, 3.5155303030303027, 0.0, 0.7, 0.0, 0.0, 0.0, 0.0, -0.1875, 0.0, 0.8, 0.0, 0.0, -1.2125, 0.0, 0.0, 0.0, 0.0, 1.4, 0.0, 0.0, 0.0, 0.0, 0.0, -0.47583874458874453, 28.29497655122655], -0.19632925472747492])
(u"'2017-01-18'", [[0.0, 0.4, 4.080735930735932, 0.0, -2.0458333333333343, 1.0, 0.5, 0.0, 0.0, 0.0, 0.0, 0.9363636363636363, 0.0, -0.075, 1.8875000000000002, 2.0875000000000004, 0.0, 0.0, 0.0, 1.8, 0.0, 0.0, 0.0, 0.0, 0.0, 0.0, 0.0, 2.0374999999999996, -0.7, 0.0, 1.225, -0.6767857142857143, 5.6, 0.1875, 0.0, 0.0, 4.9624999999999995, 0.7856150793650793, 2.4125, 0.0, 0.5, 0.0, 0.0, 1.7997294372294372, 25.803219696969695, 23.159505772005772], 0.0])
(u"'2016-10-12'", [[0.0, 0.8875, -0.2526515151515151, 0.0, -0.8875, 0.0, 0.0, 0.0, 0.0, 0.0, 0.0, 0.037500000000000006, 0.0, 0.675, -1.4164682539682538, 0.8, 0.0, 0.775, 0.0, 0.125, 0.0, 0.0, 0.0, 0.12222222222222223, -1.875, 0.0, 0.0, 0.5666666666666667, 0.0, 2.1, 1.119642857142857, 1.8499999999999999, -0.2833333333333332, 0.7595238095238095, -1.425, 1.775, -0.125, 0.125, 0.0, 0.0, 0.0, 0.0, 0.0, 0.0, 19.69830447330448, 30.366369047619045], -0.03516295025728989])
(u"'2016-12-14'", [[0.0, 2.05, 0.0, 0.0, -0.1875, -0.125, 0.0, 0.0, 0.0, 0.0, 0.0, 4.589015151515151, 0.25, 0.44999999999999996, 1.4749999999999999, 1.7488636363636365, 0.0, 0.0, 0.0, -0.5027777777777778, 0.0, 0.725, 0.0, 0.1154040404040404, 0.5238095238095238, 0.0, 0.15, -0.375, 0.0, 0.0, -0.1875, 0.0, 0.0, 4.7, 0.0, 0.9958333333333332, 0.0625, 0.0, 0.0, 0.0, 0.0625, 0.0, 0.0, -0.05833333333333335, 3.5407287157287155, 69.87695707070705], 0.030454545454545533])
(u"'2017-01-16'", [[0.0, -0.4840277777777778, -2.1, 0.0, 0.1, 0.0, 0.3125, 0.0, 0.0, 0.0, 0.0, 0.0, 0.0, 0.0, -1.025, 1.31875, 0.125, 0.0, 0.0, -0.03750000000000003, 0.0, 0.0, 0.0, 0.0, 0.0, 0.0, 0.0, 0.0, 0.0, 0.0, 0.0, 0.0, 0.0, 0.1875, 0.0, 0.125, 1.726388888888889, -1.075, -0.5625, 0.0, 0.0, 0.0, 0.0, 0.0, 16.70690836940837, 33.29911963036963], 0.015309246785058177])
(u"'2016-10-18'", [[0.0, -0.5109848484848485, -0.84375, 0.125, -1.4625000000000001, 0.0, 0.0, 0.0, 0.125, 0.0, 0.0, 0.0, -0.125, 0.5125, -2.5607142857142855, 0.918181818181818, 0.0, 0.0, 0.8625, 0.07500000000000007, 0.0, 0.0, 0.0, 0.0, 0.0, 0.0, 0.0, 0.5696428571428571, 0.0, 0.0, 0.0, 0.0, 0.0, 0.5625, 0.0, 0.0, 2.6348484848484848, 0.0, 0.0, 0.0, 0.375, 0.0, 0.0, 0.0, 29.787490981240982, 36.4324044011544], -0.02864583333333337])
(u"'2016-12-22'", [[0.0, 0.6124999999999999, 0.0, 0.0, -0.0625, -0.25, 0.0, 0.0, 0.0, 0.0, 0.0, 0.6473484848484848, 0.0, 0.0, 2.466666666666667, -1.8666666666666665, 0.0, 0.0, -0.3375, 4.2, 0.0, 0.0, 0.0, 0.0, 0.0, 0.0, 0.0, 1.975, -0.06666666666666671, 0.014285714285714332, 0.0, 0.0, 0.0, 0.1875, 0.0, 0.0, 0.0, 0.0, 0.0, 0.0, 0.0, 0.0, 0.0, 0.0, 9.847222222222223, 66.66957972582973], -0.034508627156789366])
(u"'2016-12-16'", [[0.0, -0.06376262626262619, 0.0, 0.0, 0.3214285714285714, -0.0875, 0.0, 1.2791666666666666, 0.0, 0.0, 0.0, 0.9931818181818184, 0.005681818181818177, 1.9874999999999998, 0.6432012432012432, 0.7848484848484849, -0.18749999999999997, 0.7, 0.0, 1.4270833333333333, 0.0, 0.0, 0.0, 0.575, 0.0, 0.0, 0.0, 0.0, 0.0, 0.8181818181818181, 1.9306818181818184, 2.1791666666666667, 0.0, 0.1875, 0.0, 0.35, 0.2875, -1.4, 0.0, -0.775, 0.0, 0.0, -0.75, -0.05833333333333335, 26.483865440115437, 40.463850871350886], 0.00857142857142847])
(u"'2016-11-01'", [[0.0, 0.51875, 0.0, 0.0, -0.775, 2.2550000000000003, 0.0, -5.1261363636363635, 0.0, 0.0, 0.0, 0.0, 0.6000000000000001, 0.6541666666666667, -0.3125, -0.7875, 0.0, 0.8820707070707071, 0.0, 0.5166666666666666, 0.0, 0.375, 0.0, 0.0, 0.0, 0.0, 0.0, 4.163336342344337e-17, 0.1625, 0.0, 0.275, -2.3375, -0.375, 0.1875, 0.0, -0.25, 2.4749999999999996, 0.1875, 0.0, 0.5875, 0.0, 0.0, -0.16249999999999998, -0.05833333333333335, 30.629224386724385, 22.35637085137085], 0.11470944309927358])
(u"'2016-10-20'", [[0.0, -0.325, 0.0, 0.0, 0.47678571428571426, 0.9082792207792207, 0.0, 0.0, 0.0, 0.0, 0.0, 1.0071428571428571, 0.0, 0.32499999999999996, 1.7125000000000001, 0.0, 0.0, 0.0, 0.0, -1.3759615384615387, 0.0, 0.0, 0.0, 0.0, 1.8806818181818181, 0.3181818181818182, 0.0, 0.375, 0.0, 0.0, 3.9125, 0.5375, 0.0, 0.6375, 0.0, -0.25, -0.0625, 0.0, 0.55, 0.0, 0.0, 0.0, 0.0, 0.0, 40.14645598845598, 29.758165445665448], 0.00499999999999994])
(u"'2016-11-03'", [[0.0, 0.820779220779221, 0.0, 0.0, 4.058685064935065, 0.0, 0.0, 1.5670454545454544, 0.0, 0.0, 0.0, 3.5083333333333337, -0.9791666666666667, -1.6232142857142857, -0.4604166666666665, 4.5273268398268405, 0.0, 1.4363636363636365, 0.0, 0.5973484848484842, 0.0, 0.0, 0.0, 0.0, 0.0, 0.0, 0.1875, 8.838365800865798, 0.0, 0.0, 0.0, 0.0, 0.0, 0.1875, 0.0, -0.0625, 0.0, 0.375, 0.0625, 0.0625, 0.0, 0.6166666666666666, 0.0, 0.0, 35.5264448051948, 42.13521284271284], 0.028002309468822137])
(u"'2016-10-26'", [[0.0, -0.20277777777777778, 0.1, 0.0, 0.03749999999999998, 0.0, 0.0, 0.0, 0.0, 0.0, 0.0, 0.0, 0.0, 2.580681818181818, 1.7196969696969697, 1.6458333333333335, 0.0, 0.0, 0.0, 2.055681818181818, 0.0, 0.0, 0.0, 0.0, 0.4624999999999999, 0.0, 0.0, 0.0, -0.5625, 0.0, 0.0, 0.20535714285714285, 0.0, 0.1875, 0.0, 0.054166666666666696, 1.6999999999999997, -0.75, 0.0, 0.0, 0.0, 0.0, 0.575, -0.05833333333333335, 38.62892316017316, 30.375192862692863], 0.0750507099391481])
(u"'2016-11-05'", [[0.0, 0.0, 0.0, 0.0, 0.0, 0.0, 0.0, 0.0, 0.0, 0.0, 0.0, 0.0, 0.0, -0.20833333333333337, 0.6136904761904762, 0.0, 0.0, 0.0, 0.0, 0.0, 0.0, 0.0, 0.0, 0.0, 0.0, 0.0, 0.0, 0.0, 0.0, 0.0, 0.0, 0.0, 0.65, 0.0, 0.0, 0.0, 0.0, 0.0, 0.0, 0.0, 0.0, 0.0, 0.0, 0.0, 0.0, 0.9598484848484846], 0.013860369609856241])
(u"'2016-10-24'", [[0.0, 0.0, 0.0, 0.25, 1.8083333333333331, 0.0, 0.0, 0.0, 0.0, 0.0, 0.0, 0.0, 0.0, -0.8402777777777778, 2.0791666666666666, 3.1708333333333334, 0.0, 0.0, 0.0, -0.04999999999999999, 0.0, 0.0, 0.0, 0.0, -0.7999999999999999, 0.0, 0.0, 0.0, 0.0, 0.0, 0.0, 0.6375, 0.0, 3.3874999999999997, 0.0, 0.5, 0.07499999999999996, 0.0, 0.0, 0.0, 0.0, 0.0, 0.0, 1.1749999999999998, 16.65485028860029, 60.48988455988456], -0.047404063205417624])
(u"'2016-12-08'", [[0.0, 0.04999999999999999, 0.13749999999999996, 0.0, 0.5375, 0.5446428571428572, 0.0, 0.0, 0.0, -0.525, 0.0, 0.1375, 0.0, -0.375, -0.9014610389610389, 0.08750000000000002, 0.0, -0.6625, 0.0, 5.870120851370851, 0.0, -0.41874999999999996, 0.0, 0.0, 0.0, 0.0, 0.0, -0.22499999999999998, 0.0, 0.0, 0.0, 0.04999999999999999, -0.0875, 1.4, 0.0, 0.45568181818181813, 2.5238095238095237, 0.0, 0.0, 0.0, 0.0, 0.0, 0.0, -0.05833333333333335, 22.333865440115442, 32.849101731601735], 0.07382024672018804])
(u"'2016-11-07'", [[0.0, 0.0, 0.0, 0.0, -0.23333333333333334, 2.0, 0.0, 2.2945075757575757, 0.0, 0.0, 0.0, 0.0, 0.7374999999999999, 0.0, 4.186309523809523, -0.7, 0.0, 0.0, 0.0, -2.55, 0.0, 0.0, 0.0, 0.0, 0.0, 0.0, 0.0, 0.0, 0.0, 0.0, 0.0, -0.125, 0.0, -0.15000000000000002, 0.0625, 0.0, 0.26944444444444415, 0.0, 0.0, 0.0, 0.0, 0.0, 0.0, 0.6083333333333334, 18.598493867243867, 28.171807359307365], 0.024508552463620138])
(u"'2016-10-30'", [[0.0, 0.5916666666666667, 0.0, 0.0, 0.0, 0.0, 0.0, 0.0, 0.0, 0.0, 0.0, 0.0, 0.0, 0.0, 0.0, 0.0, 0.0, 0.0, 0.0, 0.0, 0.0, 0.0, 0.0, 0.0, 0.25, 0.0, 0.0, 0.0, 0.0, 0.0, 0.0, 0.0, 0.0, 0.0, 0.0, 0.0, 0.0, 0.0, 0.0, 0.0, 0.0, 0.0, 0.0, 0.0, 0.0, 0.6375], -0.0732654051431343])
(u"'2016-11-09'", [[0.0, 0.1875, 1.034722222222222, 0.0, 0.375, 0.3846153846153846, 0.0, 0.225, 0.0, 0.0, 0.0, 0.0, 0.0625, 0.0, 2.2650252525252523, 0.0, 0.4, 0.0, 1.1625, 0.16249999999999998, 0.0, 0.0, 0.0, 0.42386363636363633, 0.0, 0.0, 0.0, 1.8583333333333334, 0.0, 0.0, 1.3624999999999998, 0.4375, 0.0, -0.16249999999999987, 0.0, 0.0, 3.293181818181818, 0.0, 3.479166666666666, 0.0, 0.0, 0.0, 0.0625, -0.05833333333333335, 67.28615115440117, 83.55545995670994], 0.1715852703055628])
(u"'2016-10-28'", [[0.0, -0.325, 0.0, 0.0625, 0.0, 0.0, 0.0, -0.32765151515151514, 0.0, 0.0, 0.0, 0.0, 0.0, 0.0, 1.1375, 0.0, 0.0, 0.0, 0.0, -0.5249999999999999, 0.0, 0.0, 0.0, 0.575, 0.0, 0.0, 0.0, 0.0, 0.0, 0.0, 0.9750000000000001, 0.0, 0.5482142857142858, 0.1875, 0.0, 0.0, 0.0, 0.0, 0.0, 0.0, 0.0, 0.0, 1.4, 0.0, 34.09296536796536, 77.51689213564212], -0.0732654051431343])
(u"'2016-11-11'", [[0.0, 1.4979166666666668, 0.0, 0.0, 1.2750000000000001, 0.0, 0.0, 0.0, 0.0, 0.0, 0.0, 0.07500000000000001, 0.10000000000000003, 1.2, 2.26875, -0.7958333333333334, -1.8, 0.0, 0.6375, 3.025, 0.0, 0.0, 0.0, 0.0625, 0.0, 0.0, 0.0, 0.6666666666666666, 0.3729166666666667, 3.700378787878788, 1.6166666666666667, -0.16249999999999976, 1.4625, 0.1875, 0.0, -0.85, 1.3791666666666664, 0.0, 2.175, 0.0, 0.0, 0.7345238095238096, -0.1875, -0.7, 40.02620057720058, 75.77278416028417], -0.08804820890525619])
(u"'2017-01-10'", [[0.0, -0.6, 0.0, 0.0, 0.15000000000000002, 0.0, 0.0, 0.0, 0.0, 0.0, 0.0, 0.0, 0.0, 0.0, -0.21396103896103902, 0.8166666666666667, 0.0, 0.0, 0.0, 1.2541666666666667, 0.0, 0.0, 0.0, -0.95, 0.0, 0.0, 0.0, 0.5346153846153845, 0.0, 0.0, 1.1916666666666667, 2.1291666666666664, 0.0, 0.1875, 0.0, 0.4431818181818182, 1.4625, 0.0, -1.2625, -0.125, 0.0, 0.0, 0.0, -0.05833333333333335, 10.83517316017316, 18.78513708513709], -0.02432575356953997])
(u"'2016-11-13'", [[0.0, 0.0, 0.0, 0.0, 0.275, 0.0, 0.0, 0.0, 0.0, 0.0, 0.0, 0.0, 0.0, 0.0, 0.0, 0.0, 0.0, 0.0, 0.0, 0.0, 0.0, 0.0, 0.0, 0.0, 0.0, 0.0, 0.0, 0.0, 0.0, 0.0, 0.0, 0.0, 0.0, 0.0, 0.0, 0.0, 0.0, 0.0, 0.0, 0.0, 0.0, 0.0, 0.0, 0.0, 0.0, 0.0], -0.08804820890525619])
(u"'2017-01-08'", [[0.0, 0.0, 0.0, 0.0, 0.0, 0.0, 0.0, 0.0, 0.0, 0.0, 0.0, 0.0, 0.0, 0.0, 1.0166666666666668, 0.0, 0.0, 0.0, 0.0, 0.0, 0.0, 0.0, 0.0, 0.0, 0.0, 0.0, 0.0, 0.0, 0.0, 0.0, 0.0, 0.0, 0.0, 0.0, 0.0, 0.0, 0.0, 0.0, 0.0, 0.0, 0.0, 0.0, 0.0, 0.0, 0.0, 0.23068181818181815], 0.06312197895934031])
(u"'2016-11-15'", [[0.0, 0.0, 0.0, 0.0, -0.075, 0.125, 0.0, 0.0, 0.0, 0.0, 0.0, 0.0, 0.0, -0.5875, 5.2125, 2.2303030303030305, 0.0, 1.1374999999999993, 0.0, -0.3125, 0.0, 0.0, 0.0, -0.4083333333333333, 0.0, 0.0, 0.0, 0.8954545454545454, 0.6625, 0.22499999999999998, 0.2875, -0.5333333333333334, 0.0, 0.1875, 0.0, 0.06964285714285717, 1.0140873015873018, 0.0625, 2.533333333333333, 0.0, 0.0, 0.0, 0.0, -0.05833333333333335, 17.957963564213564, 47.11664862914862], 0.007209062821833191])
(u"'2017-01-14'", [[0.0, 0.0, 0.0, 0.0, -0.6166666666666667, 0.0, 0.0, 0.0, 0.0, 0.0, 0.0, 0.0, 0.0, 0.0, 0.0, 0.0, 0.0, 0.0, 0.0, 0.0, 0.0, 0.0, 0.0, 0.0, 0.0, 0.0, 0.0, 0.0, 0.0, 0.0, 0.0, 0.0, 0.0, 0.0, 0.0, 0.0, 0.0, 0.0, 0.0, 0.0, 0.0, 0.0, 0.0, 0.0, 0.0, 0.0], 0.015309246785058177])
(u"'2016-12-24'", [[0.0, 0.0, 0.0, 0.0, 0.0, 0.0, 0.0, 0.0, 0.0, 0.0, 0.0, 0.0, 0.0, 0.0, 0.0, 0.0, 0.0, 0.0, 0.0, 0.0, 0.0, 0.0, 0.0, 0.0, 0.0, 0.0, 0.0, 0.0, 0.0, 0.0, 0.0, 0.0, 0.0, 0.0, 0.0, 0.0, 0.0, 0.0, 0.0, 0.0, 0.0, 0.0, 0.0, 0.0, 0.0, 0.0], -0.03309962497961848])
(u"'2017-01-12'", [[0.0, 0.0, 0.0, 0.0, -1.0333333333333332, 0.0, 0.0, 0.0, 0.0, 0.0, 0.0, 0.3806818181818182, 0.7, 0.0, -3.0083333333333333, 0.22083333333333355, 0.6875000000000001, 0.0, 0.0, 4.2625, 0.0, 0.0, 0.0, -0.2, 0.0, 0.0, 0.0, 0.0, 0.0, 0.0, 0.0, 2.2214285714285715, 0.0, 0.1875, 0.0, 0.1625, 0.75, 1.6511363636363638, 5.013888888888889, 0.7374999999999999, 0.0, 0.0, 0.0, -0.05833333333333335, 51.11358044733045, 25.852624458874462], -0.049828631689955195])
(u"'2016-11-19'", [[0.0, 0.0, 0.0, 0.0, 0.0, 0.0, 0.0, 0.0, 0.0, 0.0, 0.0, 0.0, 0.0, 0.0, 0.0, 0.0, 0.0, 0.0, 0.0, 0.0, 0.0, 0.0, 0.0, 0.0, 0.0, 0.0, 0.0, 0.0, 0.0, 0.0, 0.0, 0.0, 0.0, 0.0, 0.0, 0.0, 0.0, 0.0, 0.0, 0.0, 0.0, 0.0, 0.0, 0.0, 0.0, -0.6916666666666667], -0.0077821011673151474])
(u"'2016-11-21'", [[0.0, 0.3875, 0.0, 0.0, 1.5583333333333333, 0.0, 0.0, 0.0, 0.0, 0.0, 0.0, 0.0, 0.0, 0.0, 4.869886363636364, 0.0, 0.0, 0.0, 0.0, 1.0250000000000001, 0.0, 0.0, 0.0, 0.0, 0.0, 0.0, 0.0, 0.0, 0.0, 0.0, 0.0, 0.40625, 0.0, 0.1875, 0.0, 0.0, 0.0, 0.0, 0.375, 0.0, 0.0, 0.0, 0.0, -1.075, 0.8238095238095233, 59.615118908868915], -0.002572729071838562])
(u"'2016-12-04'", [[0.0, 0.0, 0.0, 0.0, 0.0, 0.0, 0.0, 0.0, 0.0, 0.0, 0.0, 0.0, 0.0, 0.0, -0.25, 0.0, 0.0, 0.0, 0.0, 0.55, 0.0, 0.0, 0.0, 0.0, 0.0, 0.0, 0.0, 0.0, 0.0, 0.0, 0.0, 0.0, 0.0, 0.0, 0.0, 0.0, 0.0, 0.0, 0.0, 0.0, 0.0, 0.0, 0.0, 0.0, 0.0, 0.0], -0.04672720393492241])
(u"'2016-11-02'", [[0.0, 0.0, 0.0, 0.0, 0.4, 0.0, 0.0, 0.6431818181818181, 0.0, 0.0, 0.0, 0.0, 0.0, -0.5, -2.10625, 0.0, 0.0, 0.0, 0.0, -0.3125, 0.0, 0.03214285714285714, 0.0, 2.4642857142857144, -0.25, 0.0, 0.0, -1.8624999999999998, -0.7250000000000001, 1.345979020979021, 0.0, 0.0625, 0.0, -1.0, 0.0, -0.25, 0.01666666666666669, 0.0, -2.3916666666666666, 0.5291666666666667, 0.0, 0.0, 0.25, 0.0, 29.884787157287153, 45.12762445887446], -0.06350067842605166])
(u"'2016-10-27'", [[0.0, 0.0, 0.0, 0.0, -0.35624999999999996, 0.0, 0.0, 0.0, 0.0, 0.0, 0.0, 4.541666666666666, 0.0, 0.1, 0.3375, 0.0, 0.0, 0.0, 0.0, 0.94375, 0.0, 0.0, 0.0, 0.0, -0.1875, 0.0, 0.0, 1.2, 0.0, 3.0, 0.0, -0.3, 0.0, -0.625, 0.0, -0.25, 0.725, 0.0, 0.0, 0.9833333333333333, 0.0, 0.0, 0.0, 0.0, 26.886011904761904, 30.842306998556996], -0.02152046783625735])
(u"'2016-11-04'", [[0.0, 0.0875, 0.0, 0.0, -0.7, 0.0, 0.0, 0.0, 0.0, -0.7, 0.0, 0.675, 0.95, 0.0, 1.8220238095238095, 0.0, 0.0, 1.9844696969696969, 0.0, -0.2305555555555555, 0.0, 0.0, 0.0, 0.0, 0.0, 0.0, 0.0, -0.42500000000000004, 0.9541666666666666, 2.043055555555555, 0.375, 0.8375000000000001, 0.0, 0.0, 0.0, 0.125, 1.8250000000000002, 0.0, 0.125, 0.0, 0.0, 0.0, 0.9291666666666667, 0.0, 33.737088744588746, 45.406895326895324], 0.013860369609856241])
(u"'2016-10-25'", [[0.0, -0.08333333333333333, 0.0, 0.0, 0.2875, 0.0, 0.0, 0.0, 0.0, 0.0, 0.0, 0.0, 0.6791666666666667, 0.0, 0.29880952380952386, 1.6763888888888887, 0.0, 0.0, 0.0, 1.4500000000000002, 0.0, 0.0, 0.0, 0.0875, 0.0, 0.0, 0.0, 0.0, 1.2, 0.11666666666666642, 0.0, 0.9458333333333333, 0.0, 0.1875, 0.0, -0.4375, 2.6624999999999996, 0.0, 0.0, -0.125, 0.0, 0.0, 0.0, 0.0, 12.279987373737374, 40.89020382395382], 0.055759162303664796])
(u"'2016-12-23'", [[0.0, -0.04375000000000001, 0.0, 0.0, 0.125, 0.0, 0.0, 0.0, 0.0, 0.0, 0.0, -0.1526515151515151, 0.0, -0.1583333333333333, 2.900649350649351, 0.9624999999999999, -0.6208333333333333, 0.0, 0.0, 3.06875, 0.0, 0.31666666666666665, 0.0, 0.0, 0.0, 0.0, 0.0, 1.0416666666666665, 0.9196969696969697, 0.0, 0.0, -1.775, 0.0, 0.1875, 0.0, 0.0, 1.5285714285714285, 0.3, 0.0, 0.0, 0.0, -0.3402777777777778, 0.0, -0.05833333333333335, 18.17052128427128, 37.592261904761905], -0.03309962497961848])
(u"'2016-11-06'", [[0.0, 0.0, 0.0, 0.0, 0.0, 0.0, 0.0, 0.0, 0.0, 0.0, 0.0, 0.0, 0.0, 0.0, -0.9113095238095239, 0.0, 0.0, 0.0, 0.0, 0.0, 0.0, 0.0, 0.0, 0.0, 0.0, 0.0, 0.0, 0.0, 0.0, 0.0, 0.0, 0.0, 0.25, 0.0, 0.0, 0.0, 0.0, 0.0, 0.63125, 0.0, 0.0, 0.0, 0.0, 0.0, 0.0, 4.332575757575757], 0.013860369609856241])
(u"'2016-10-31'", [[0.0, 0.10972222222222221, 0.0, 0.0, 0.0, 0.0, 0.0, -0.7, 0.0, 0.0, -0.6375, -0.46875, 0.0, 0.0, 1.1272222222222226, 0.0625, 0.0, 0.0, 0.0, 0.9696428571428571, 0.0, 0.0, 0.0, 0.0, -0.125, 0.0, 0.0, 0.30416666666666664, 0.48124999999999996, 0.0, 0.0, -0.13749999999999996, 0.5291666666666667, 0.0, 0.0, 0.0, 1.65, 0.0, 0.0, 0.0, 0.0, 0.0, 0.0, -0.5569444444444445, 6.239141414141414, 43.09195165945165], -0.010095344924284898])
(u"'2016-11-08'", [[0.0, 0.0, 0.0, 0.0, 0.03749999999999998, 1.625, 0.0, 0.30600649350649345, 0.0, 0.0, 0.0, 0.0, 1.525, 0.1, 0.5159722222222223, 1.9000000000000001, -0.2125, 0.0, 0.125, 0.0, 0.0, 0.0, 0.0, 0.0, 0.0, 0.0, 0.0, 0.9931818181818182, 0.0, 0.0, 0.0, 0.0, 0.6625, 0.5, 0.0, 0.6875, 0.7666666666666666, 0.0, 0.27499999999999997, 0.0, 0.0, 0.0, -0.325, 0.0, 30.61649891774892, 21.20860750360751], 0.16394472361809054])
(u"'2016-10-29'", [[0.0, 0.0, 0.0, 0.0, 0.0, 0.0, 0.0, 0.0, 0.0, 0.0, 0.0, 0.0, 0.0, 0.0, 0.0, 0.0, 0.0, 0.0, 0.0, 0.0, 0.0, 0.0, 0.0, 0.0, 0.0, 0.0, 0.0, 0.0, 0.0, 0.0, 0.0, 0.0, 0.0, 0.0, 0.0, 0.0, 0.0, 0.0, 0.0, 0.0, 0.0, 0.0, 0.0, 0.0, 0.0, 2.379545454545455], -0.0732654051431343])
(u"'2016-12-15'", [[0.0, 0.3125000000000001, 0.0, -0.5, 1.695833333333333, -0.024999999999999994, 0.0, 0.0, -0.1875, 0.0, 0.0, 0.8321969696969695, 0.0, 0.6291666666666667, 0.1812499999999999, 2.0136363636363637, -0.275, -0.6291666666666667, 0.0, 1.8966666666666665, 0.0, 0.0, 0.0, 0.0, -1.3333333333333333, 0.0, 0.0, 3.1113636363636363, 0.125, 1.6015151515151516, 0.7625, 1.4532738095238096, 0.0, 1.9291666666666667, 0.23750000000000004, 0.0, 5.097115384615385, 0.0, -3.958333333333333, 0.0, 0.0, 0.2, 0.0, 0.49583333333333335, 12.835966810966811, 113.35569805194807], 0.0277272727272727])
(u"'2016-11-10'", [[0.0, -0.8875000000000002, 0.0, 0.0, 0.6375, -0.9, 0.0, 0.3125, 0.0, 0.0, 0.0, 0.0, 1.7522727272727274, 0.0875, 3.675, 0.0, 0.0, 0.0, 0.5125, 4.3125, 0.0, 0.0, 0.0, 0.0, -0.0625, 0.0, 0.0, 0.5625, 1.875, 0.0, 0.0, 1.6181818181818186, 0.3003246753246753, 0.9625, 0.0, 0.4625, 0.0, 2.6625, 1.7681818181818176, 0.0, 0.0, 0.0, 0.43749999999999994, -0.05833333333333335, 27.321679292929293, 94.2697691197691], 0.23048327137546484])
(u"'2017-01-11'", [[0.0, 0.2666666666666666, 1.3473484848484851, 0.0625, 1.5375, 0.0, 0.0, -1.1750000000000003, 0.0, 0.0, 0.0, -0.04999999999999999, 0.5944444444444444, 0.1428571428571429, 0.5666666666666667, 0.0, 0.0, 0.0, 0.0, 2.4499999999999997, 0.0, 0.0, 0.0, -0.6375, 0.0, 0.0, 0.0, 0.0, 1.7392857142857143, 0.0, 0.0, -0.17500000000000004, 0.5125000000000002, 0.22499999999999998, 0.0, -0.9375, 2.0625, 1.0125, -0.08238636363636365, 0.0, 0.0, 0.35, 0.0, -0.28750000000000003, 23.651569264069263, 33.416345460095464], 0.0593514765489289])
(u"'2016-11-12'", [[0.0, 0.0, 0.0, 0.0, 0.0, 0.0, 0.0, 0.0, 0.0, 0.0, 0.0, 0.0, 0.0, 0.0, 0.0, 0.0, 0.0, 0.0, 0.0, 0.0, 0.0, 0.0, 0.0, 0.0, 0.0, 0.0, 0.0, 0.0, 0.0, 0.0, 0.0, 0.0, 0.0, 0.0, 0.0, 0.0, 0.0, 0.0, 0.0, 0.0, 0.0, 0.0, 0.0, 0.0, 0.0, 2.0098484848484848], -0.08804820890525619])
(u"'2017-01-09'", [[0.0, 0.9625, -0.8661435786435785, 0.0, 0.22499999999999998, 0.0, 0.0, 0.0, 0.0, 0.0, 0.0, 0.0, 0.0, 0.0, -0.8535714285714284, -0.3125, 0.0, 0.0, 0.0, 0.125, 0.0, 0.0, 0.0, -0.825, 0.3750000000000001, 0.0, 0.0, 0.0, 0.0, 0.0, 0.0, 0.0, 0.0, 0.1875, 0.0, 0.0, 3.2249999999999996, 0.0, 1.15, 0.0, 0.0, 0.0, 0.0, 0.0, 31.105315295815295, 54.91800144300144], 0.007140895358418158])
(u"'2016-12-01'", [[0.0, -0.8642857142857142, 0.0, 0.0, 2.169642857142857, 0.0, 0.6097222222222223, 0.0, 0.1875, 0.0, -0.25, 0.2267857142857143, 0.0, 1.925, 1.9472222222222222, 1.925, 0.0, 0.16275252525252526, 0.0625, 1.4916666666666667, 0.0, 0.0, 0.0, 0.0, 1.0056818181818181, 0.0, -0.5, 0.825, 0.0, 0.55, 0.0, 1.4874999999999998, 0.0, 0.1875, 0.0, 0.0, 0.8875000000000001, 0.0, 0.0, 0.0, 0.0, 0.0, -0.03571428571428571, 0.0, 17.39996753246753, 63.136670274170285], -0.07190511489992592])
(u"'2016-11-14'", [[0.0, 5.104258241758241, 0.0, 0.0, 0.3306818181818182, 0.0, 0.0, 0.0, 0.0, 0.0, 0.0, -0.07500000000000001, 0.9875, 0.0, 2.499431818181818, 0.012499999999999983, -0.16249999999999998, 0.0, 0.0, 2.072222222222222, 0.0, 0.0, 0.0, 0.0, 0.0, 0.0, 0.0, -0.6875, 0.0, 0.0, 0.0, -2.6125, -0.14027777777777778, 0.45000000000000007, 0.0, 0.25, -2.9749999999999996, 0.0, 2.1791666666666667, 0.0, 0.0, 0.0, 0.0, -0.05833333333333335, 29.97899531024531, 99.24322025197026], -0.11635220125786161])
(u"'2017-01-15'", [[0.0, 0.6000000000000001, 0.0, 0.0, 0.0, 0.0, 0.0, 0.0, 0.0, 0.0, 0.0, 0.0, 0.0, 0.0, 0.0, -1.1833333333333333, 0.0, 0.0, 0.0, -0.25, 0.0, 0.0, 0.0, 0.0, 0.0, 0.0, 0.0, 0.0, 1.275, 0.0, 0.0, 0.0, 0.0, 0.0, -0.9428571428571428, 0.0, 0.0, 0.0, 0.725, 0.0, 0.0, 0.0, 0.0, 0.0, 0.0, 1.0216720779220778], 0.015309246785058177])
(u"'2016-11-16'", [[0.0, 0.0, 0.0, 0.0, 0.0, 0.0, 0.0, 0.0, 0.0, 0.0, 0.0, 0.0, 0.0, 0.0, 0.0, 0.0, 0.0, 0.0, 0.0, 0.0, 0.0, 0.0, 0.0, 0.3666666666666667, 0.0, 0.0, 0.0, 0.0, 0.0, 0.0, 0.0, 0.45, 0.0, 0.1875, 0.0, 0.0, 0.0, 0.0, 0.0, 0.0, 0.0, 0.0, 0.0, 0.0, 0.15089285714285716, 14.430185786435786], 0.06505387273836151])
(u"'2017-01-13'", [[0.0, 7.666666666666668, -0.47159090909090906, 0.0, 0.0, 0.0, 0.0, 0.0, 0.7, 0.0, 0.0625, -0.4246753246753247, 0.0, 0.0, 0.7097222222222224, 0.75, 0.0, 0.0, 0.0, 1.9, 0.0, 0.0, 0.0, -0.125, 0.0, 0.0, 0.125, 0.7625, 0.35446428571428573, 0.5232413419913421, 0.375, -0.7193181818181817, 7.949621212121212, 0.1875, 0.8, 0.0, 3.319642857142857, 0.0, 1.7875, 0.25, 0.0, 0.0, 0.0, 0.0, 28.01247294372294, 52.600814463314464], 0.015309246785058177])
(u"'2016-11-18'", [[0.0, 1.8577380952380957, -0.08750000000000002, 0.0, 1.7625000000000002, 0.0, 0.0, 0.0, 0.0, 0.0, 0.0, -0.43313492063492065, -0.16250000000000003, 0.0, 7.578030303030302, -0.0625, 0.0, 0.0, 0.0, -0.6749999999999998, 0.0, 0.0, 0.0, 0.89375, 0.0625, 0.0, 0.0, 0.53125, 0.0, 0.4375, 0.0, 0.35568181818181815, 0.0, -0.03750000000000003, 0.0, 0.0, 2.029166666666667, 0.0, 0.8375, 0.0, 0.875, 0.0, 0.053571428571428575, -0.05833333333333335, 20.38436868686869, 139.9708717393717], -0.0077821011673151474])
(u"'2016-12-21'", [[0.0, 0.7625, 0.17916666666666659, -0.06666666666666665, -0.1375, 0.0, 0.0, 0.0, 0.0, 0.0, 0.0, -0.09999999999999998, 0.6931818181818181, 2.5458333333333334, 0.6895833333333332, 1.1874999999999998, 0.0, 0.0, -0.1875, 4.534722222222222, 0.0, 0.0, 0.0, 0.0, 0.0, 0.0, 0.0, 0.0, 1.2000000000000002, 0.0, 0.7, -0.075, 0.0, -0.3666666666666669, 0.0, 0.0, 2.4222222222222225, 0.0, 0.6, 0.0, 0.0, 0.0, 0.09464285714285714, 0.0, 12.558584054834055, 39.54698218448218], -0.009018332347723233])
(u"'2016-11-20'", [[0.0, 0.0, 0.0, 0.0, 0.0, 0.0, 0.0, 0.0, 0.0, 0.0, 0.0, 0.0, 0.0, 0.0, 0.0, 0.0, 0.0, 0.0, 0.0, 0.0, 0.0, 0.0, 0.0, 0.0, 0.0, 0.0, 0.0, 0.0, 0.0, 0.0, 0.0, 0.0, 0.0, 0.0, 0.0, 0.0, 0.0, 0.0, -0.48035714285714287, 0.0, 0.0, 0.0, 0.0, 0.0, 0.0, 6.798737373737374], -0.0077821011673151474])
(u"'2016-12-05'", [[0.0, 1.2113095238095237, -0.25, 0.0, 0.7125, 0.0, 0.0, 0.0, 0.0, 0.0, 0.68125, 0.0, 1.5178571428571428, 0.0, 1.0670454545454544, 0.0, 0.0, 0.0, 0.0, 7.713988095238094, 0.0, 0.0, 0.0, 1.3499999999999999, -0.6875, 0.0, 0.0, 1.3431818181818183, 0.0, 0.0, 0.0, 0.0, 1.6750000000000003, 0.1875, 0.0, -0.9068181818181817, 4.0625, 0.0, 0.0, 0.0, 0.0, 0.0, -0.08749999999999997, 0.0, 40.64216269841269, 25.100297619047616], 0.014026076649545652])
(u"'2016-11-22'", [[0.0, 0.0, 0.0, 0.0, 0.0, 0.0, 0.0, 0.0, 0.6, 0.0, 0.0, 0.0, 0.0, 0.0, 3.4386363636363635, 0.0, 0.0, 0.0, 0.0, 1.7392857142857143, 0.0, 0.0, 0.0, 0.0, 0.0, 0.0, 0.0, 0.0, 0.0, 0.0, 0.0, 0.375, 0.0, 0.0, 0.0, 0.1875, -0.6375, 0.0, 2.979166666666667, 0.0, 0.0, 0.0, -0.3, 0.0, 16.16626984126984, 25.632958152958153], 0.023754653430242925])
(u"'2016-12-07'", [[0.0, 0.5793650793650795, 0.0, 0.0, 1.2, 0.0, 0.2556818181818182, 0.0, 0.0, 0.0, 0.6375, 0.125, 0.0, 1.1, 0.9056818181818181, 1.4166666666666665, 0.0, 0.6104166666666667, 0.055681818181818166, -0.7124999999999999, 0.0, 0.0, 0.0, 0.0, 0.0, 0.0, 0.0, 0.4041666666666667, 2.275, 0.0, 0.0, 1.143181818181818, 0.0, 0.7321428571428572, 0.2875, 0.0, 1.4625, 0.0, 0.0, -0.4708333333333334, 0.0, 1.7791666666666666, -0.4625, -0.43333333333333335, 24.23746753246753, 33.037016594516594], -0.012562313060817457])
(u"'2016-11-24'", [[0.0, 0.05, -0.125, 0.0, -2.880555555555555, 0.47499999999999987, 0.0, 0.0, 0.0, 0.0, 0.0, -0.125, 1.5390151515151513, 0.3738095238095237, 1.4660984848484848, 0.4624999999999999, -0.4, 0.0, 0.0, 1.0791666666666668, 0.0, 0.0, 0.0, 0.0, -0.7, 0.0, 0.0, 0.0, -0.125, 0.0, 0.009615384615384609, -0.20416666666666666, 0.0, -0.14375, 0.0, 0.25, 0.9499999999999998, 0.0, 0.0, -0.1875, 0.0, 0.0, 0.79375, -0.4708333333333334, 16.212521645021646, 71.36176948051946], 0.01102614262849021])
(u"'2017-01-05'", [[0.0, -0.25, 0.0, 0.0, -0.375, 0.0, 0.0, 0.0, 0.0, 0.0, 0.0, 0.7670454545454546, 0.0, -0.8026515151515151, 5.183333333333333, -0.675, 0.125, -0.0625, 0.0, -0.27083333333333337, 0.0, 0.0, 0.0, 0.0, 0.85625, 0.0, 0.0, -0.625, 0.0, 0.0, 0.0, -0.8625000000000002, 0.0, 1.0431818181818182, 0.0, 0.0, 0.0, 0.0, 0.0, 0.10972222222222222, 0.0, 0.0, 0.0, 1.1967261904761903, 36.32456709956711, 93.39400974025976], 0.029716466739367595])
(u"'2016-10-07'", [[0.0, 0.0, 0.0, 0.0, 0.4041666666666667, 0.0, 0.0, 0.0, 0.0, 0.0, 0.0, 0.0, 0.0, 1.1625, -0.9428030303030301, 0.15000000000000002, 0.625, 2.05, 0.0, 0.9306818181818183, 0.0, 0.6625, 0.0, 0.0, 0.5125000000000001, 0.0, 0.0, 1.8125, 0.29886363636363633, 0.0, 0.8925000000000001, 1.4000000000000001, 1.2416666666666667, 1.032142857142857, 0.0, 0.7, -0.6375, 2.1166666666666663, 0.0, 0.0, 0.0, -0.49999999999999994, -3.95, 0.0, 42.65145923520923, 28.774977244977244], 0.006149279050042542])
(u"'2016-11-26'", [[0.0, -0.25, 0.0, 0.0, 0.0, 0.0, 0.0, 0.0, 0.0, 0.0, 0.0, 0.0, 0.0, 0.0, 0.0, 0.0, 0.0, 0.0, 0.0, 0.0, 0.0, 0.0, 0.0, 0.0, 0.0, 0.0, 0.0, 0.0, 0.0, 0.0, 0.0, 0.0, 0.0, 0.0, 0.0, 0.0, 0.0, 0.0, 0.0, 0.0, 0.0, 0.0, 0.0, 0.0, 0.0, 0.0], -0.0735779816513761])
(u"'2016-12-17'", [[0.0, 0.0, 0.0, 0.0, 0.0, 0.0, 0.0, 0.0, 0.0, 0.0, 0.0, 0.0, 0.0, 0.0, 0.0, 0.0, 0.0, 0.0, 0.0, 0.0, 0.0, 0.0, 0.0, 0.0, 0.0, 0.0, 0.0, 0.0, 0.0, 0.0, 0.0, 0.0, 0.0, 0.0, 0.0, 0.0, 0.0, 0.0, 0.0, 0.0, 0.0, 0.0, 0.0, 0.0, 0.0, 0.0], 0.00857142857142847])
(u"'2016-12-03'", [[0.0, 0.0, 0.0, 0.0, 0.0, 0.0, 0.0, 0.0, 0.0, 0.0, 0.0, 0.0, 0.0, 0.0, 0.0, 0.56925, 0.0, 0.0, 0.0, 0.0, 0.0, 0.0, 0.0, 0.0, 0.0, 0.0, 0.0, 0.0, 0.0, 0.0, 0.0, 0.0, 0.0, 0.0, 0.0, 0.0, 0.0, 0.0, 0.0, 0.0, 0.0, 0.0, 0.0, 0.0, 0.0, 3.7393939393939397], -0.04672720393492241])
(u"'2016-11-28'", [[0.0, -0.43749999999999994, -0.024999999999999994, 0.0, 0.475, 0.6125, 0.0625, 0.0, 0.0, 0.0, 0.0, 0.0, 0.4, 2.0541666666666663, 2.875, 0.48750000000000004, -4.2, 0.0, 0.0, 1.0, 0.0, 0.0, 0.0, 0.25, 1.025, 0.0, 0.375, 0.0, 0.0, 0.0, 0.0, -0.9881944444444444, 0.0, 0.1875, 0.0, 0.0, 0.0, 0.0, 1.125, 0.0, 0.0, 0.0, 0.0, -0.05833333333333335, 30.1948538961039, 78.25415209790208], -0.04499999999999999])
(u"'2016-10-11'", [[0.0, 0.0751262626262626, 0.0, 0.0, 1.3640151515151513, 0.35, 0.0, 0.0, 0.0, 0.0625, -1.1125, 0.0, 0.7125, -0.024999999999999994, -1.6958333333333333, -0.125, 0.0, 0.0, 0.0, 1.0583333333333333, 0.0, -0.6, 0.0, 0.0, 0.0, 0.0, 0.0, 0.0, 0.0, -0.14583333333333331, 0.698538961038961, 0.34722222222222215, 0.0, 4.6875, 0.0, -0.375, -0.4375, 0.0, 0.0, 0.0, 0.0, 0.0, 0.0, 0.0, 29.462278138528138, 38.19617424242424], -0.04980000000000004])
(u"'2016-11-30'", [[0.0, 0.24999999999999997, -0.012500000000000067, 0.0, 1.686607142857143, 1.1420454545454544, 0.0, 0.0, 0.0, 0.0, 0.0, 1.4268939393939393, 0.0, 0.09345238095238084, 2.716098484848485, 0.9348484848484848, -0.15, -0.09999999999999998, 0.45714285714285713, 0.8597222222222223, 0.0, 0.125, 0.0, 0.0, 0.0, 0.0, 0.0, 1.325, -0.0875, 0.3, 0.0, 1.6196428571428572, 0.0, 1.730681818181818, 0.0, 0.8875, 1.3708333333333338, 0.0, 2.2, 0.0, 0.0, 0.0, 0.0, 0.0, 17.99583152958153, 98.75894993894994], -0.0099115044247788])
(u"'2016-10-09'", [[0.0, 0.0, 0.0, 0.0, 0.0, 0.0, 0.0, 0.0, 0.0, 0.0, 0.0, 0.0, 0.0, 0.0, 0.0, 0.0, 0.0, 0.0, 0.0, 0.0, 0.0, 0.0, 0.0, 0.0, 0.0, 0.0, 0.0, 0.0, 0.0, 0.0, 0.0, 0.0, 0.0, 0.0, 0.0, 0.0, 0.0, 0.0, 0.0, 0.0, 0.0, 0.0, 0.0, 0.0, 0.0, 0.0], 0.006149279050042542])
(u"'2016-12-25'", [[0.0, 0.0, 0.0, 0.0, 0.0, 0.0, 0.0, 0.0, 0.0, 0.0, 0.0, 0.0, 0.0, 0.0, 0.0, 0.0, 0.0, 0.0, 0.0, 0.0, 0.0, 0.0, 0.0, 0.0, 0.0, 0.0, 0.0, 0.0, 0.0, 0.0, 0.0, 0.0, 0.0, 0.0, 0.0, 0.0, 0.0, 0.0, 0.0, 0.0, 0.0, 0.0, 0.0, 0.0, -0.8607142857142858, 0.0], -0.03309962497961848])
(u"'2016-12-09'", [[0.0, 0.125, 0.0, 0.0, 0.0, 0.13749999999999996, 0.0, 0.0, 0.0, 0.0, 0.0, 1.3041666666666667, 0.4303571428571428, 0.0, 0.5160984848484849, 1.375, 0.0, 0.0, 3.7375000000000003, 3.2955357142857147, 0.0, 0.0, 0.0, 0.0, 0.0, 0.0, 0.0, 1.2470238095238093, 0.0, 0.0, -0.375, 0.0, 0.0, 0.1875, 0.0, 1.1125, -0.7833333333333333, 0.0, 0.0, 0.0, 0.0, 0.0, 0.3196428571428572, 0.0, 19.700063131313133, 44.38048687423688], 0.018421052631578887])
(u"'2016-10-13'", [[0.0, 0.0, 0.0, 0.0, 0.34375, 1.3, 0.21250000000000008, 0.3125, 0.0, 0.0, 0.0, -1.2416666666666665, 0.0, 0.75, 6.131963869463869, 0.0, -0.4, 0.0, 0.0, -1.6041666666666667, 0.0, 0.0, 0.0, 0.0, 0.16964285714285715, 0.0, 0.0, 0.0, -1.88125, 0.0, 0.0, 0.5541666666666666, 0.9625, -0.725, 0.0, -0.25, 3.259722222222222, 0.0, 0.0, 0.0, 0.0, 0.0, 0.0, -0.05833333333333335, 16.3261544011544, 35.75233044733044], 0.011894647408666149])
(u"'2017-01-17'", [[0.0, -0.0625, 0.0625, 3.369285714285714, 0.9972222222222223, 1.8571428571428572, 0.1875, 0.0, 0.0, 0.0, 0.0, 0.037500000000000006, 0.0, 0.0, 2.399431818181818, 0.0, -0.8, 0.0, 0.0, 1.8, 0.0, 0.0, 0.0, 0.0, 0.0, 0.0, 0.0, 0.0, 0.0, 0.0, 0.0, -1.3696428571428572, -0.6875, 0.1875, 0.0, 0.425, 1.4, 0.125, 2.5625, 0.0, 0.0, 0.0, 0.0, 0.0, 12.936363636363637, 56.19688852813853], 0.0])
(u"'2016-10-19'", [[-0.7443181818181819, 0.0, 1.1, 0.0, 0.005952380952380931, 0.0, 0.0, 0.0, -0.15000000000000002, 0.0, 0.0, -0.20000000000000007, 0.0, 2.0375, 1.768181818181818, -0.0625, 0.0, 0.0, 0.0, 3.04375, 0.0, 0.0, 0.0, 0.0, 0.1875, 0.3181818181818182, 0.0, 0.0, 0.0, 0.0, 0.0, 0.0, 1.1312499999999999, -0.025000000000000022, 0.0, 0.0, 0.0, 0.0, 0.0, 2.021969696969697, 0.0, 0.0, 0.0, 0.0, 25.144731240981244, 36.99868326118325], 0.0021378941742383295])
(u"'2016-12-19'", [[-0.9943181818181819, 2.565404040404041, 0.02261904761904754, 0.0, 4.0910714285714285, 0.0, 0.0, 0.0, 0.0, 0.0, 0.0, 0.0, 3.8249999999999997, 0.0, -0.7734848484848484, 4.285416666666666, 0.6261363636363637, 0.0, 0.0, 1.7636904761904761, 0.0, 0.0, 0.0, -0.7416666666666666, 0.0, 0.0, 0.0, 0.0, 0.0, 0.0, 0.0, 0.5541666666666666, 0.0, 0.1875, 0.0, 0.14999999999999997, 0.4375, 0.0, 1.79875, 0.0, 1.5, 0.0, 0.09464285714285714, 0.0, 12.957745310245311, 59.49799783549782], -0.06276386152547155])
(u"'2016-10-17'", [[0.0, 0.3029040404040404, -1.2333333333333334, -0.43125, 0.0, 0.0, 1.0499999999999998, 0.0, 0.0, 0.0, 0.0, 0.8765151515151515, 0.1875, 1.1875, 1.7166666666666666, 2.2982142857142858, -0.25, 0.0, 0.0, 5.839015151515152, 0.0, 0.0, 0.0, 0.0, 0.0625, 0.0, 0.0, -0.25, 0.0, 0.0, -0.4078282828282829, -0.30714285714285716, 1.9875, 0.3687500000000001, 0.0, 0.2875, -0.8068181818181819, -0.07499999999999996, 0.0, 0.0, 0.0, 0.0, 0.0, -0.7583333333333333, 14.656141774891774, 35.86039862914863], -0.051186598417868684])
(u"'2016-12-13'", [[0.0, 0.7378246753246753, 0.0, 0.0, 0.0, 0.0, 0.0, 0.0, 0.0, 0.0, 0.1875, 1.275, 0.0, 0.0, 5.6038510101010095, -0.5845238095238094, 0.0, 0.0, 0.0, 2.4029761904761906, 0.0, 0.0, 0.0, 0.0, 1.875, 0.0, 0.0, 0.0, 0.42500000000000004, 0.0, 0.0, 1.425, 0.0, 0.25, 0.0, 0.0, 0.0625, 0.0, 0.0, 0.0, 0.0, 0.0, 0.0, -0.05833333333333335, 14.914307359307362, 69.39092893217894], 0.20664797757308773])
(u"'2016-10-23'", [[0.0, 0.0, 1.1238636363636363, -0.275, 0.0, 0.0, 0.0, 0.0, 0.0, 0.0, 0.0, 0.0, 0.0, 0.0, 0.0, 1.6416666666666666, 0.0, 0.0, 0.0, 0.0, 0.0, 0.0, 0.0, 0.0, 0.0, 0.0, 0.0, -0.8999999999999999, 0.0, 0.0, 0.0, 0.0, 0.0, 0.0, 0.38749999999999996, 0.0, 0.0, 0.0, 0.0, 0.0, 0.0, 0.0, 0.0, 0.0, 0.0, 0.0], 0.09047109207708787])
(u"'2016-10-21'", [[0.0, -0.0625, -2.126388888888889, 0.7, 0.0, 0.04999999999999999, 0.0, 1.0, 0.0, 0.0, 0.0, -0.5958333333333333, 0.0, -0.7333333333333334, 6.1491341991342, 2.874431818181818, 0.0, 0.0, 0.8806818181818181, -0.8833333333333333, 0.0, 0.0, 0.0, 0.0, 0.9, 0.0, 0.0, 0.3125, 0.4375, 2.0, 0.75, 2.93125, 0.0, 0.4375, 0.0, -0.25, 0.0625, 0.0, 2.2625, 0.0, 0.0, 0.0, 0.0, -0.1375, 37.53000721500722, 53.130702380952386], 0.09047109207708787])
(u"'2016-12-27'", [[0.0, 0.0, 0.0, 0.0, 1.4916666666666667, 0.0, 0.0, 0.0, -0.28125, 0.0, 0.0, 0.037500000000000006, 0.0, -0.07142857142857142, 5.410416666666666, 0.0, 0.0, 0.0, 4.818127705627706, 0.0, 0.0, 0.0, 0.0, 0.12916666666666665, 0.0375, 0.0, 0.0, 0.0, 0.0, 0.0, 1.9142135642135643, -0.06458333333333333, 0.0, 0.1875, 0.0625, 0.0, 2.691666666666667, 0.0, -0.05681818181818182, 0.0, 0.0, 0.0, 0.0, 0.0, 16.848214285714285, 40.77291181041181], -0.07161803713527852])